01/01/2020;32,6;20,9
02/01/2020;29,6;20,6
03/01/2020;27,5;20,1
04/01/2020;30;19,1
05/01/2020;31,7;18,2
06/01/2020;32,7;19,8
07/01/2020;29,3;20
08/01/2020;30,3;18,7
09/01/2020;32,3;22,6
10/01/2020;31,7;22,6
11/01/2020;31,6;22,1
12/01/2020;32,5;21,4
13/01/2020;29,6;22,9
14/01/2020;29,5;22,5
15/01/2020;32,6;22,3
16/01/2020;33,1;20,9
17/01/2020;32,4;18,8
18/01/2020;30,8;19,8
19/01/2020;32,3;19,4
20/01/2020;32,5;19
21/01/2020;30;20
22/01/2020;26;19,7
23/01/2020;24,5;19,3
24/01/2020;30,1;17,2
25/01/2020;32,2;16,7
26/01/2020;33,5;16
27/01/2020;34,2;16,2
28/01/2020;35,4;19,5
29/01/2020;30,9;20,7
30/01/2020;28,9;19,5
31/01/2020;31,3;18,4
01/02/2020;29,8;18,9
02/02/2020;27;18,8
03/02/2020;31,7;16,7
04/02/2020;29,9;19,6
05/02/2020;32,1;20
06/02/2020;34,2;20,6
07/02/2020;32,8;20,4
08/02/2020;32,8;20,6
09/02/2020;33,1;20,4
10/02/2020;33;20,4
11/02/2020;30,5;20,5
12/02/2020;30,8;18,9
13/02/2020;33,3;19,1
14/02/2020;31,6;19,6
15/02/2020;32,4;20,3
16/02/2020;35,3;22,3
17/02/2020;37;22,6
18/02/2020;35,5;22,6
19/02/2020;35,8;20,1
20/02/2020;34,7;21,9
21/02/2020;34,4;19,1
22/02/2020;30;13,8
23/02/2020;30,9;15,5
24/02/2020;33,4;21,2
25/02/2020;30;20,8
26/02/2020;27,6;17,6
27/02/2020;31,2;15,7
28/02/2020;31,9;14
29/02/2020;32;18,1
01/03/2020;32,4;18,5
02/03/2020;30,8;17,7
03/03/2020;32,1;17,6
04/03/2020;32,1;16,5
05/03/2020;33,9;15,3
06/03/2020;33,6;17,8
07/03/2020;33,5;19,6
08/03/2020;32,6;16,7
09/03/2020;34,2;17,8
10/03/2020;34,6;18,1
11/03/2020;34,9;16
12/03/2020;36,1;22
13/03/2020;37,2;21,4
14/03/2020;36,5;19,4
15/03/2020;36,6;17,7
16/03/2020;36,6;19,8
17/03/2020;35,4;20
18/03/2020;29,5;20,2
19/03/2020;29,8;18,9
20/03/2020;30,3;17,3
21/03/2020;31,8;12,5
22/03/2020;32,7;15,5
23/03/2020;31,4;18,9
24/03/2020;30,7;16,6
25/03/2020;31,3;16,3
26/03/2020;31,3;15,8
27/03/2020;31,5;14,7
28/03/2020;31,3;18,5
29/03/2020;30,7;20,7
30/03/2020;32,8;19,7
31/03/2020;33,4;18,6
01/04/2020;33,3;19,3
02/04/2020;33,4;19,1
03/04/2020;25,6;12,7
04/04/2020;28,6;8,4
05/04/2020;31,9;11,4
06/04/2020;27,4;19,1
07/04/2020;26,1;13,6
08/04/2020;28,4;12,1
09/04/2020;28,3;8,5
10/04/2020;26,9;9,9
11/04/2020;27,9;9,6
12/04/2020;29,2;9,2
13/04/2020;29,8;13,5
14/04/2020;22,7;10,4
15/04/2020;21,6;5,5
16/04/2020;24,5;6,8
17/04/2020;27,9;8,9
18/04/2020;27,1;11,5
19/04/2020;28,2;12,2
20/04/2020;29,1;12,3
21/04/2020;29,6;11,8
22/04/2020;29,9;12,2
23/04/2020;29,1;13,1
24/04/2020;28,6;13,6
25/04/2020;31,7;16,7
26/04/2020;32,1;18,6
27/04/2020;29,4;15,9
28/04/2020;29,4;18,4
29/04/2020;30,1;17,7
30/04/2020;31,6;14,6
01/05/2020;31,1;15
02/05/2020;27,8;12,2
03/05/2020;28,3;7,7
04/05/2020;28,2;13
05/05/2020;24,1;16,4
06/05/2020;19,9;7,6
07/05/2020;20,1;4
08/05/2020;24,1;2,6
09/05/2020;25,9;5,5
10/05/2020;28,4;12,2
11/05/2020;30,5;14,2
12/05/2020;23,1;16,9
13/05/2020;21,5;15,3
14/05/2020;22,6;8,9
15/05/2020;24,3;4,8
16/05/2020;24,9;3,2
17/05/2020;27,8;6,2
18/05/2020;28,5;8,3
19/05/2020;28,5;10,9
20/05/2020;28,8;16,7
21/05/2020;29,1;18,1
22/05/2020;24,3;12,8
23/05/2020;13,2;8,6
24/05/2020;17,3;6,7
25/05/2020;19,6;2,6
26/05/2020;20,8;2,8
27/05/2020;25,2;3,6
28/05/2020;25,1;6,4
29/05/2020;24,7;6,1
30/05/2020;26,1;7,4
31/05/2020;26,4;10,3
01/06/2020;20,2;13,2
02/06/2020;21,9;8,9
03/06/2020;20,5;7,6
04/06/2020;20,6;15,8
05/06/2020;23,7;11,2
06/06/2020;16,8;8,4
07/06/2020;23,2;5,3
08/06/2020;25,8;13,5
09/06/2020;28,4;19,4
10/06/2020;29,1;19,3
11/06/2020;29,2;19,5
12/06/2020;29,5;17,4
13/06/2020;22,3;15,2
14/06/2020;26,1;12,9
15/06/2020;25,5;15,6
16/06/2020;26,2;16,7
17/06/2020;26,3;17,7
18/06/2020;26,6;17,1
19/06/2020;27,7;16,8
20/06/2020;28,2;14,8
21/06/2020;28,8;13,5
22/06/2020;28,5;13,2
23/06/2020;27,6;17,5
24/06/2020;28,1;14,7
25/06/2020;21,2;12,8
26/06/2020;21;7,1
27/06/2020;17,9;10,3
28/06/2020;21,6;10,7
29/06/2020;21,5;13,5
30/06/2020;25,9;11,6
01/07/2020;13,2;8,1
02/07/2020;16,1;4
03/07/2020;20,6;1,3
04/07/2020;23,6;5,2
05/07/2020;23,4;14,6
06/07/2020;26,6;16,8
07/07/2020;28;16,4
08/07/2020;16,8;10,1
09/07/2020;18,7;6,3
10/07/2020;24;5,6
11/07/2020;28,2;15
12/07/2020;28,1;16,7
13/07/2020;29,2;15,1
14/07/2020;25;8,7
15/07/2020;26,9;8,1
16/07/2020;24;15,5
17/07/2020;29;14,8
18/07/2020;29,5;17,4
19/07/2020;28,8;16,5
20/07/2020;28,6;13,4
21/07/2020;29,3;13
22/07/2020;30,1;13
23/07/2020;30,1;12,9
24/07/2020;29,8;14,8
25/07/2020;17,1;5,8
26/07/2020;23,6;4,8
27/07/2020;28,3;16,5
28/07/2020;25;11,8
29/07/2020;20;6,9
30/07/2020;23,6;6,1
31/07/2020;27;12,6
01/08/2020;29;12,9
02/08/2020;28,8;12
03/08/2020;28,4;10,5
04/08/2020;28,5;13,1
05/08/2020;28,6;13,8
06/08/2020;29,6;13,7
07/08/2020;28,8;11,7
08/08/2020;29;10,6
09/08/2020;30,1;10
10/08/2020;30,8;11,6
11/08/2020;31,4;11,3
12/08/2020;22,4;15,5
13/08/2020;22,4;14
14/08/2020;28,4;12,2
15/08/2020;22,6;16,1
16/08/2020;22,2;16,6
17/08/2020;23;17,8
18/08/2020;20,3;17,3
19/08/2020;18,4;13,7
20/08/2020;14,7;6,9
21/08/2020;14,7;0,4
22/08/2020;19,4;1,3
23/08/2020;23,9;7,4
24/08/2020;26,8;13,9
25/08/2020;28,5;15,2
26/08/2020;29,2;15,7
27/08/2020;32,9;15,6
28/08/2020;32,7;16
29/08/2020;34;16,4
30/08/2020;35,7;14,3
31/08/2020;35;14
01/09/2020;33,1;17,3
02/09/2020;31,8;18,2
03/09/2020;30;16,4
04/09/2020;31,6;14,2
05/09/2020;35,9;16,8
06/09/2020;36,4;17
07/09/2020;31,1;16,9
08/09/2020;30,1;16,2
09/09/2020;35,3;17,3
10/09/2020;36,7;17
11/09/2020;37,9;17,9
12/09/2020;37,6;19,5
13/09/2020;37,2;16,1
14/09/2020;30,3;14,8
15/09/2020;31,2;15,5
16/09/2020;33,4;20,2
17/09/2020;22,4;14,4
18/09/2020;30;11,9
19/09/2020;32,4;12
20/09/2020;29,6;14,5
21/09/2020;29,5;15
22/09/2020;28,3;14,4
23/09/2020;30,8;14,7
24/09/2020;33,3;16,4
25/09/2020;36;13,5
26/09/2020;38,3;19,3
27/09/2020;37,1;20,7
28/09/2020;23,6;15,5
29/09/2020;35;14
30/09/2020;40;22,4
01/10/2020;40;19,3
02/10/2020;40,5;20,6
03/10/2020;40,7;21,6
04/10/2020;36,4;20,5
05/10/2020;34,6;19,9
06/10/2020;38,7;18,1
07/10/2020;39,3;20,8
08/10/2020;34,7;21,9
09/10/2020;28,7;16,3
10/10/2020;30,6;9,7
11/10/2020;33,2;13,9
12/10/2020;34,8;15,6
13/10/2020;32,8;17,5
14/10/2020;35,3;16,7
15/10/2020;26,6;18
16/10/2020;29;17,7
17/10/2020;31,3;16,3
18/10/2020;32,5;16,4
19/10/2020;36,1;16,9
20/10/2020;34,3;19,5
21/10/2020;36,2;19,9
22/10/2020;35,2;20,1
23/10/2020;35,5;20,3
24/10/2020;34,4;20,1
25/10/2020;36,4;20,4
26/10/2020;26,1;18
27/10/2020;29,5;13,7
28/10/2020;34,3;11,4
29/10/2020;25;16,2
30/10/2020;30,2;13,6
31/10/2020;30,2;13,3
01/11/2020;30;14,1
02/11/2020;29,9;13,9
03/11/2020;31,1;13,9
04/11/2020;31,9;13,4
05/11/2020;32,4;11,7
06/11/2020;34,4;12,1
07/11/2020;36,2;16,7
08/11/2020;36,9;17,2
09/11/2020;25,6;19,4
10/11/2020;28;16,9
11/11/2020;30,4;18,9
12/11/2020;34,2;17,4
13/11/2020;34,4;14
14/11/2020;37,1;15,9
15/11/2020;27;17,3
16/11/2020;32,6;16,4
17/11/2020;33,9;17,1
18/11/2020;20,9;15,4
19/11/2020;28,5;13,8
20/11/2020;30,8;12,7
21/11/2020;32,4;12,3
22/11/2020;33,7;13,7
23/11/2020;34,3;18
24/11/2020;35,3;19,6
25/11/2020;37,7;21,2
26/11/2020;35,9;21
27/11/2020;36,4;21,3
28/11/2020;37,8;20,4
29/11/2020;38;20,5
30/11/2020;27,4;18,5
01/12/2020;33,1;19,5
02/12/2020;34,3;20,1
03/12/2020;26,6;18
04/12/2020;23,8;18,6
05/12/2020;23,5;20,1
06/12/2020;24,4;19,3
07/12/2020;31,4;17,2
08/12/2020;32,4;14,8
09/12/2020;34,1;14,2
10/12/2020;34,3;16
11/12/2020;33,2;19,9
12/12/2020;33,3;19,8
13/12/2020;34,4;20,3
14/12/2020;27,5;19,6
15/12/2020;31,9;18,8
16/12/2020;27,7;18
17/12/2020;26,1;19,1
18/12/2020;31,3;19,6
19/12/2020;33,6;20,4
20/12/2020;29,1;20,5
21/12/2020;28,7;18,3
22/12/2020;32,1;15,9
23/12/2020;32,1;16
24/12/2020;32,4;21
25/12/2020;31,5;19,6
26/12/2020;31,6;18,5
27/12/2020;32,4;18,9
28/12/2020;32,3;19,9
29/12/2020;28,4;19,5
30/12/2020;33,3;18,8
31/12/2020;27,9;21,5
01/01/2021;31,5;20,2
02/01/2021;32,6;17,2
03/01/2021;29,9;18,6
04/01/2021;29,6;19,5
05/01/2021;25,1;20,5
06/01/2021;29,6;20,4
07/01/2021;28,7;19,8
08/01/2021;29,8;19,6
09/01/2021;31,2;21,3
10/01/2021;30,6;20,9
11/01/2021;31,6;20,2
12/01/2021;32,5;21,4
13/01/2021;32;20,4
14/01/2021;31,1;22
15/01/2021;30,6;20,8
16/01/2021;26,6;21,7
17/01/2021;26;21,3
18/01/2021;29,4;20,9
19/01/2021;27,4;20,8
20/01/2021;26,2;20,6
21/01/2021;23,3;19,8
22/01/2021;28,1;20,6
23/01/2021;29,3;19
24/01/2021;28,4;19,5
25/01/2021;27;20,1
26/01/2021;28,1;20
27/01/2021;26,8;19
28/01/2021;27,6;20,8
29/01/2021;28,5;19,9
30/01/2021;27,6;18,9
31/01/2021;22,6;18,1
01/02/2021;23,2;18,1
02/02/2021;27,3;17,9
03/02/2021;32,8;21,1
04/02/2021;27,2;17,8
05/02/2021;27,5;14,8
06/02/2021;27,9;11,9
07/02/2021;30,7;13,5
08/02/2021;30,3;14
09/02/2021;28,1;14,9
10/02/2021;31,3;16,9
11/02/2021;29,3;18,6
12/02/2021;26,8;17,8
13/02/2021;30,7;15,5
14/02/2021;31,1;17,9
15/02/2021;31,2;15,7
16/02/2021;31,4;17,2
17/02/2021;30,9;15,6
18/02/2021;30,3;11,4
19/02/2021;31,1;11
20/02/2021;33,8;14,2
21/02/2021;34,1;17,3
22/02/2021;34,6;19,1
23/02/2021;35,8;18,7
24/02/2021;33,9;20,9
25/02/2021;32,5;19,3
26/02/2021;33,1;19,7
27/02/2021;33,1;19,1
28/02/2021;32,9;18,8
01/03/2021;32;20,4
02/03/2021;33,5;19,9
03/03/2021;30,2;20,1
04/03/2021;22,7;18,8
05/03/2021;28,2;20,6
06/03/2021;30,6;17,8
07/03/2021;32,4;16,5
08/03/2021;34;16,9
09/03/2021;32;15,1
10/03/2021;32,4;14,8
11/03/2021;32,2;14
12/03/2021;33,5;12,4
13/03/2021;35,4;13,1
14/03/2021;36;16,2
15/03/2021;35,2;16,6
16/03/2021;35,5;20,1
17/03/2021;28,1;17,3
18/03/2021;32,9;17,4
19/03/2021;33,2;17,4
20/03/2021;32,5;21,8
21/03/2021;32,9;21
22/03/2021;34,4;19,9
23/03/2021;33,7;20,1
24/03/2021;35,1;20,4
25/03/2021;35,5;22,2
26/03/2021;34,2;21,9
27/03/2021;33,5;21,1
28/03/2021;31,5;20,8
29/03/2021;28,4;19,2
30/03/2021;27;14,2
31/03/2021;28,1;10,9
01/04/2021;29,2;12,1
02/04/2021;30,2;13,3
03/04/2021;31,6;15,6
04/04/2021;30,9;17
05/04/2021;31,6;18,3
06/04/2021;29;16,9
07/04/2021;30,7;16,7
08/04/2021;31;18,9
09/04/2021;31,3;20,3
10/04/2021;32;19,2
11/04/2021;33,3;17,7
12/04/2021;29,4;18,1
13/04/2021;31,2;15,3
14/04/2021;29,6;17,7
15/04/2021;29,9;18,3
16/04/2021;25,7;16,4
17/04/2021;29,8;13,4
18/04/2021;30,3;15,3
19/04/2021;28,7;15,4
20/04/2021;28,8;14,6
21/04/2021;28,3;14,7
22/04/2021;28,1;14,8
23/04/2021;26,8;16
24/04/2021;22,5;15,7
25/04/2021;25,5;13,9
26/04/2021;25,7;11,8
27/04/2021;25,6;6,7
28/04/2021;27,7;8,6
29/04/2021;27,3;8,9
30/04/2021;26,9;10
01/05/2021;28,1;12,2
02/05/2021;30,1;14,5
03/05/2021;30,2;16,2
04/05/2021;31,3;15,7
05/05/2021;31,1;14,6
06/05/2021;22;13
07/05/2021;21,6;7,7
08/05/2021;25,2;8,7
09/05/2021;27,4;13,7
10/05/2021;29;14,2
11/05/2021;26,8;11,6
12/05/2021;18,4;14,5
13/05/2021;23,2;10,9
14/05/2021;23,4;11,4
15/05/2021;26,2;10,2
16/05/2021;27,5;11,2
17/05/2021;26,6;10,7
18/05/2021;25,6;7,6
19/05/2021;27,6;5,2
20/05/2021;28,8;8,6
21/05/2021;29,8;15,7
22/05/2021;24,9;13,5
23/05/2021;19,5;4,8
24/05/2021;19,3;1,8
25/05/2021;25,1;2,7
26/05/2021;25,6;8,6
27/05/2021;28,4;13,1
28/05/2021;29,8;18,4
29/05/2021;28,3;19,5
30/05/2021;24,6;12,7
31/05/2021;25,2;11,1
01/06/2021;23,6;10,9
02/06/2021;27,8;14,8
03/06/2021;29,2;15,2
04/06/2021;29,2;15,4
05/06/2021;30,3;19
06/06/2021;20,7;15,1
07/06/2021;23,2;15,8
08/06/2021;23,7;16
09/06/2021;25;15,5
10/06/2021;23,4;15,8
11/06/2021;23,3;11,6
12/06/2021;22,7;6,4
13/06/2021;23,7;7,7
14/06/2021;24,5;8,6
15/06/2021;24,4;6,9
16/06/2021;22,2;7,9
17/06/2021;20,4;7,4
18/06/2021;18,4;11
19/06/2021;15,9;11,2
20/06/2021;18,4;10,4
21/06/2021;15,4;10,1
22/06/2021;22;13,8
23/06/2021;24,4;16,2
24/06/2021;24,6;15
25/06/2021;27,1;14,3
26/06/2021;28,4;18,1
27/06/2021;21,9;8,9
28/06/2021;9,3;1,7
29/06/2021;12,1;-2
30/06/2021;18,5;-1,2
01/07/2021;19,9;2,2
02/07/2021;24;5,1
03/07/2021;24,5;3,5
04/07/2021;25,9;6,3
05/07/2021;26;9,8
06/07/2021;25,6;8,7
07/07/2021;25,1;9,9
08/07/2021;26,6;7,5
09/07/2021;25,2;8,6
10/07/2021;27,5;9,5
11/07/2021;27,5;9
12/07/2021;28,5;8,2
13/07/2021;28;12,6
14/07/2021;28,3;13,3
15/07/2021;23,9;15
16/07/2021;18,6;14,3
17/07/2021;21,7;8,1
18/07/2021;13,8;-0,4
19/07/2021;16,6;-3
20/07/2021;22;0
21/07/2021;26;4,3
22/07/2021;29,3;5,5
23/07/2021;30,5;10,2
24/07/2021;30,4;13,4
25/07/2021;30,2;13,2
26/07/2021;31,9;15,5
27/07/2021;22,6;4,7
28/07/2021;13;1,2
29/07/2021;13,6;-3,9
30/07/2021;19,1;-3,8
31/07/2021;20,4;4
01/08/2021;23,9;8,6
02/08/2021;24,2;4,5
03/08/2021;24,6;2,8
04/08/2021;24;6,8
05/08/2021;26,4;10,8
06/08/2021;28,2;15,4
07/08/2021;29;14,8
08/08/2021;29,9;14,5
09/08/2021;32,2;14,7
10/08/2021;24,7;14,1
11/08/2021;23,1;13,5
12/08/2021;21;13,5
13/08/2021;17;13,3
14/08/2021;27;12,6
15/08/2021;29,2;15,3
16/08/2021;32,5;13,7
17/08/2021;34,3;15,5
18/08/2021;36,4;16
19/08/2021;35,2;17,7
20/08/2021;34,1;15,5
21/08/2021;34;16
22/08/2021;34,4;17,3
23/08/2021;31,2;15,7
24/08/2021;32,6;18,8
25/08/2021;32,4;15,5
26/08/2021;18,2;9,1
27/08/2021;21,5;6,6
28/08/2021;26,2;11,6
29/08/2021;29,7;14,8
30/08/2021;29,2;13,9
31/08/2021;30,8;15,9
01/09/2021;30,8;14,9
02/09/2021;33;13,5
03/09/2021;34,9;14,8
04/09/2021;33,1;18,2
05/09/2021;32,3;16,4
06/09/2021;35,4;15,1
07/09/2021;36,2;20,5
08/09/2021;26,6;17
09/09/2021;21,7;8,5
10/09/2021;25,7;5,1
11/09/2021;27,8;13,5
12/09/2021;35,2;17,4
13/09/2021;37,6;23,2
14/09/2021;28,7;17,6
15/09/2021;28;16,1
16/09/2021;28,5;18,6
17/09/2021;31,2;17,6
18/09/2021;36,1;19,5
19/09/2021;39;21,8
20/09/2021;39,7;20,9
21/09/2021;30,6;19,7
22/09/2021;32,3;14,5
23/09/2021;29;15,3
24/09/2021;31,2;14,6
25/09/2021;32,3;14,1
26/09/2021;35,8;15
27/09/2021;36,1;19,8
28/09/2021;35,4;16
29/09/2021;25,5;19,5
30/09/2021;31,5;19,7
01/10/2021;25,8;17,2
02/10/2021;21,3;16,7
03/10/2021;20,1;16,5
04/10/2021;23,5;15,3
05/10/2021;29,3;13,8
06/10/2021;32,7;19,5
07/10/2021;25,7;19
08/10/2021;26,5;18,6
09/10/2021;22,7;17,2
10/10/2021;24;16,6
11/10/2021;29;18,1
12/10/2021;32;17,2
13/10/2021;33,9;15,8
14/10/2021;27,8;17,1
15/10/2021;22;18,6
16/10/2021;26,1;17,2
17/10/2021;25,2;17,1
18/10/2021;28,6;15,2
19/10/2021;27,8;15,5
20/10/2021;28,4;13,4
21/10/2021;29,3;14,5
22/10/2021;32,2;13,1
23/10/2021;29,2;16
24/10/2021;24,8;13
25/10/2021;29,1;10,9
26/10/2021;32;15,3
27/10/2021;32,3;17,5
28/10/2021;34,6;18,8
29/10/2021;35,3;21
30/10/2021;31,5;18,4
31/10/2021;28,8;18,2
01/11/2021;30,6;16,4
02/11/2021;32,4;17,1
03/11/2021;33,5;17,4
04/11/2021;35,8;18,8
05/11/2021;35,2;20,4
06/11/2021;31,7;18,7
07/11/2021;32,4;18,8
08/11/2021;32;19,6
09/11/2021;33,4;17,7
10/11/2021;29,4;17,5
11/11/2021;29,4;17,8
12/11/2021;30,7;17,7
13/11/2021;30;17,6
14/11/2021;31,3;16,3
15/11/2021;32,4;19,2
16/11/2021;34,2;19
17/11/2021;34,3;21,3
18/11/2021;28,6;20
19/11/2021;29,2;17,1
20/11/2021;32,2;15,4
21/11/2021;33,5;18,2
22/11/2021;34,5;16,3
23/11/2021;34,5;15,4
24/11/2021;35,4;17,6
25/11/2021;35,2;19,5
26/11/2021;29,1;16,6
27/11/2021;31,4;14,2
28/11/2021;33,9;15,6
29/11/2021;27,9;14,9
30/11/2021;29,1;11
01/12/2021;32,7;13,4
02/12/2021;34,3;16,6
03/12/2021;34,4;15,4
04/12/2021;34,6;18,6
05/12/2021;35,7;18,1
06/12/2021;33,4;18,1
07/12/2021;30,9;17
08/12/2021;30,6;15,6
09/12/2021;31,5;13,8
10/12/2021;33,8;13,6
11/12/2021;36;14,8
12/12/2021;34,6;22,3
13/12/2021;31,6;21,9
14/12/2021;34,5;21,4
15/12/2021;34,5;22,7
16/12/2021;36,4;21,2
17/12/2021;37,6;21,5
18/12/2021;36,1;23,8
19/12/2021;35,1;22,7
20/12/2021;35,6;21,2
21/12/2021;36,9;20,8
22/12/2021;37,4;19,1
23/12/2021;35,8;20,8
24/12/2021;33,6;19,3
25/12/2021;35;18,4
26/12/2021;37;17,6
27/12/2021;38;16,5
28/12/2021;38,4;15,1
29/12/2021;36,4;20,2
30/12/2021;32,1;17,9
31/12/2021;31,6;18,3
